{"bank":"B0","coframe":[[1.0832870676749586,0.14,0.0,0.0],[0.0,0.9417645335842487,0.0,0.0],[0.13032465367373133,0.09787471664214381,1.1274968515793757,-0.09],[-0.0735889767463217,0.042050843855040966,0.0,1.0512710963760241]],"coframe_first":[[[-0.1624930601512438,0.03333333333333333,0.0,0.0],[0.0,-0.09417645335842488,0.0,0.0],[0.007043773613154683,0.07033106896581412,0.09395807096494797,-0.05],[-0.14998134308297945,-0.08199914551732987,0.0,0.14016947951680322]],[[0.07221913784499724,-0.06666666666666667,0.0,0.0],[0.0,0.10987252891816235,0.0,0.0],[-0.11181676271916643,-0.07606608785633787,-0.018791614192989595,-0.15],[0.08515295880645794,0.14157117431197125,0.0,0.035042369879200806]],[[-0.03610956892249862,0.15,0.0,0.0],[0.0,0.01569607555973748,0.0,0.0],[0.11390508975565852,-0.18129657801182314,-0.13154129935092718,0.06666666666666667],[-0.012615253156512289,0.03223898028886474,0.0,-0.07008473975840161]],[[-0.14443827568999448,0.05,0.0,0.0],[0.0,-0.07848037779868738,0.0,0.0],[0.044027412893696063,0.08998059510283943,0.11274968515793758,-0.03333333333333333],[-0.13368664108915107,-0.06377711318014546,0.0,0.15769066445640362]]],"coframe_second":[[[[0.08455657389351759,-0.03333333333333333,0.0,0.0],[0.0,0.09313004832110904,0.0,0.0],[-0.04997576009524343,-0.01804971833256374,0.020357582042405394,-0.08888888888888889],[0.028944997520219867,0.08391479507072619,0.0,0.05373163381477456]],[[-0.019860262907374242,-0.06666666666666667,0.0,0.0],[0.0,0.012556860447789983,0.0,0.0],[0.08172303330866701,-0.07094385089989722,-0.04854500333188979,0.05],[0.016668487272539848,0.050297481566612894,0.0,-0.012848868955706961]],[[-0.048747918045373144,0.041666666666666664,0.0,0.0],[0.0,-0.025113720895579967,0.0,0.0],[0.04351517733655348,0.03609359944213565,0.06420468182604779,0.008333333333333333],[-0.031234432352327642,-0.010185648844887703,0.0,-0.07942937172618848]],[[0.08485748696787176,-0.008333333333333333,0.0,0.0],[0.0,-0.06278430223894992,0.0,0.0],[-0.017622220739746494,0.015153527586229988,0.028187421289484395,-0.05],[0.028168224987897585,-0.08997712505982794,0.0,0.06482838427652148]]],[[[-0.019860262907374242,-0.06666666666666667,0.0,0.0],[0.0,0.012556860447789983,0.0,0.0],[0.08172303330866701,-0.07094385089989722,-0.04854500333188979,0.05],[0.01666848727253985,0.050297481566612894,0.0,-0.012848868955706961]],[[-0.007221913784499725,-0.1,0.0,0.0],[0.0,0.03374656245343558,0.0,0.0],[0.06785751736009193,-0.14585735240927677,-0.07485326320207522,0.05555555555555555],[-0.0034691946180408807,0.04303203021165859,0.0,-0.033874290883227444]],[[0.006620087635791414,-0.058333333333333334,0.0,0.0],[0.0,0.03322335993477766,0.0,0.0],[-0.07502126277396805,-0.0476919918659635,-0.03539087339679707,0.058333333333333334],[0.011873522994069206,0.03518253935871761,0.0,-0.011096750461746921]],[[-0.054766179532456244,0.05,0.0,0.0],[0.0,-0.02485211963625101,0.0,0.0],[0.05222909645859812,0.07296075924734682,0.08268310244915422,0.008333333333333333],[-0.022065012233936775,0.007685959793504709,0.0,-0.05606779180672129]]],[[[-0.048747918045373144,0.041666666666666664,0.0,0.0],[0.0,-0.025113720895579967,0.0,0.0],[0.04351517733655348,0.03609359944213565,0.06420468182604779,0.008333333333333333],[-0.031234432352327646,-0.010185648844887702,0.0,-0.07942937172618848]],[[0.006620087635791414,-0.058333333333333334,0.0,0.0],[0.0,0.03322335993477766,0.0,0.0],[-0.07502126277396803,-0.047691991865963505,-0.03539087339679707,0.058333333333333334],[0.011873522994069208,0.03518253935871761,0.0,-0.011096750461746921]],[[-0.08305200852174684,0.044444444444444446,0.0,0.0],[0.0,-0.041594600233304316,0.0,0.0],[0.010252546591730236,0.11837476538615052,0.10304068449155962,-0.011111111111111112],[-0.060716746210695255,-0.043732877609242604,0.0,-0.10045479365370898]],[[0.07703374703466373,-0.008333333333333333,0.0,0.0],[0.0,-0.0640923085355947,0.0,0.0],[-0.017231732753651467,-0.01690529163425129,0.015033291354391678,-0.041666666666666664],[0.0814501483892224,-0.049713442068626205,0.0,0.042050843855040966]]],[[[0.08485748696787176,-0.008333333333333333,0.0,0.0],[0.0,-0.06278430223894992,0.0,0.0],[-0.017622220739746494,0.015153527586229986,0.028187421289484395,-0.05],[0.02816822498789759,-0.08997712505982794,0.0,0.06482838427652148]],[[-0.054766179532456244,0.05,0.0,0.0],[0.0,-0.02485211963625101,0.0,0.0],[0.05222909645859812,0.07296075924734682,0.08268310244915422,0.008333333333333333],[-0.022065012233936775,0.00768595979350471,0.0,-0.05606779180672129]],[[0.07703374703466373,-0.008333333333333333,0.0,0.0],[0.0,-0.0640923085355947,0.0,0.0],[-0.017231732753651467,-0.01690529163425129,0.015033291354391678,-0.041666666666666664],[0.0814501483892224,-0.049713442068626205,0.0,0.042050843855040966]],[[0.09147757460366318,-0.022222222222222223,0.0,0.0],[0.0,0.10071648484164883,0.0,0.0],[-0.037512127876262236,0.014981125910399427,0.023802711311120158,-0.07777777777777778],[0.040044668179456705,-0.12333746118482711,0.0,0.07037675950739494]]]],"configuration_id":"B0_L0_P0","configuration_sha256":"8084c833753f659cd3f0cf9de16b52c265190c4d9151d65c772b5f56b3c7874e","coordinates":[0.0,0.0,0.0,0.0],"curvature_singular_values":[0.23748818349069561,0.1705117816564527,0.14510146018319198,0.13134294750366907,0.04347741406402394,0.004490338099950739],"deformation":-1.0,"latent_slot_singular_values":[2.5450293812188276,2.3532880695518763,2.2201734715053503,1.8078004089868778,1.1213875846503991,1.060107130739615,1.0,1.0,1.0,1.0],"metric":[[-1.1511110181380617,-0.14199917949530405,0.14694063670030458,-0.08909118309593117],[-0.14199917949530405,0.8786681703438586,0.11035343486324066,0.03539811222523297],[0.14694063670030458,0.11035343486324066,1.2712491503214047,-0.10147471664214382],[-0.08909118309593117,0.03539811222523297,-0.10147471664214382,1.1132709180756477]],"metric_first":[[[0.37596316314795514,-0.0037778697758311906,0.020186885630428506,-0.17513615185636894],[-0.003777869775831189,-0.17984642031322065,0.08849417839910406,-0.09153261875252751],[0.020186885630428506,0.08849417839910406,0.2118748583869008,-0.06483106896581411],[-0.17513615185636894,-0.09153261875252751,-0.06483106896581411,0.3037122448201728]],[[-0.19814571609580553,0.034413813943696525,-0.12852205853133,0.07745492281561622],[0.03441381394369652,0.22263124966804076,-0.08760349848436846,0.14246798526903692],[-0.12852205853133,-0.08760349848436846,-0.042374971677380156,-0.1674332824595373],[0.07745492281561622,0.14246798526903692,-0.1674332824595373,0.10067806120504319]],[[0.10978002795665073,-0.17281962147126312,0.11128455579666896,-0.00966773456564859],[-0.17281962147126312,-0.04521333519261084,-0.21728588831115667,0.053786458836658474],[0.11128455579666896,-0.21728588831115667,-0.29662480174166117,0.08700517371354183],[-0.00966773456564859,0.053786458836658474,0.08700517371354183,-0.1593561224100864]],[[0.34408767318433214,-0.018835477902741284,0.06433483309085798,-0.16045181867130454],[-0.018835477902741284,-0.1495701851439563,0.11248818116801411,-0.07177675430212908],[0.06433483309085798,0.11248818116801411,0.254249830064281,-0.04773070005019357],[-0.16045181867130454,-0.07177675430212908,-0.04773070005019357,0.33755127542269436]]],"metric_jet_sha256":"b50575f946a768ffa952ef6ffeefc782f2ec768fa37697de0a313c08ab7fe29f","metric_second":[[[[-0.20820425187861896,0.048490266481457905,-0.05237077857135047,-0.023361602880629925],[0.0484902664814579,0.2271274648947159,-0.005142164880079299,0.053380497004533886],[-0.05237077857135047,-0.005142164880079299,0.06356245751607023,-0.11144993184292246],[-0.023361602880629925,0.053380497004533886,-0.11144993184292246,0.17326799315708924]],[[0.05822883335378601,0.020896379585672302,0.07517740080738046,0.028844210004546397],[0.020896379585672302,-0.017506652143406777,-0.09320895416866928,0.07383882270125333],[0.07517740080738046,-0.09320895416866928,-0.11299992447301377,0.04758976294374615],[0.028844210004546397,0.07383882270125333,0.04758976294374615,-0.011191547614510076]],[[0.1152088388980804,-0.0014023534830645383,0.06720643373921682,-0.026303596585030356],[-0.0014023534830645383,-0.09650552197116657,0.02069371783495852,0.0075386250453455435],[0.06720643373921682,0.02069371783495852,0.12006241975257714,0.016458322097360055],[-0.026303596585030356,0.0075386250453455435,0.016458322097360055,-0.19481775505277604]],[[-0.19880819040803582,0.04240040220302234,-0.011264568442117392,-0.02491405415923381],[0.04240040220302234,-0.08595878413771184,0.03622859953823412,-0.12683531918238866],[-0.011264568442117392,0.03622859953823412,0.08474994335476033,-0.06768113045175086],[-0.02491405415923381,-0.12683531918238866,-0.06768113045175086,0.19284458328568913]]],[[[0.05822883335378601,0.020896379585672302,0.07517740080738046,0.0288442100045464],[0.020896379585672302,-0.017506652143406777,-0.09320895416866928,0.07383882270125333],[0.07517740080738046,-0.09320895416866928,-0.11299992447301377,0.04758976294374616],[0.0288442100045464,0.07383882270125333,0.04758976294374616,-0.011191547614510076]],[[0.06292123737042943,0.14441048993238517,0.07095634650699263,0.039491744122834],[0.14441048993238517,0.1335421541585254,-0.16892113839447323,0.09512033830384463],[0.07095634650699263,-0.16892113839447323,-0.16808738765360798,0.07501299192271563],[0.039491744122834,0.09512033830384463,0.07501299192271563,-0.0337661904580403]],[[-0.058050516819929156,0.04594384574298311,-0.07663047914181914,-0.0032971304746635555],[0.04594384574298311,0.13269212652763113,-0.04382375499818066,0.05985256228357729],[-0.07663047914181914,-0.04382375499818066,-0.0748624499633716,0.08743424890428175],[-0.0032971304746635555,0.05985256228357729,0.08743424890428175,-0.058743256795266555]],[[0.12376473306632417,-0.08437754069381026,0.05622913756028096,-0.016818674656315147],[-0.08437754069381026,-0.08820721406158287,0.08008830347850242,0.009099482078375458],[0.05622913756028096,0.08008830347850242,0.1822123782127347,-0.014331737757853399],[-0.016818674656315147,0.009099482078375458,-0.014331737757853399,-0.09833318874731262]]],[[[0.1152088388980804,-0.0014023534830645435,0.06720643373921684,-0.026303596585030356],[-0.0014023534830645418,-0.09650552197116657,0.02069371783495852,0.0075386250453455435],[0.06720643373921684,0.02069371783495852,0.12006241975257714,0.016458322097360055],[-0.026303596585030356,0.0075386250453455435,0.016458322097360055,-0.19481775505277604]],[[-0.058050516819929156,0.04594384574298311,-0.07663047914181914,-0.003297130474663554],[0.04594384574298311,0.13269212652763113,-0.04382375499818066,0.0598525622835773],[-0.07663047914181914,-0.04382375499818066,-0.0748624499633716,0.08743424890428177],[-0.003297130474663554,0.0598525622835773,0.08743424890428177,-0.058743256795266555]],[[0.2152060454031397,-0.05070486910990585,-0.004977991494773199,-0.041852557014129196],[-0.05070486910990585,-0.04798696292330325,0.1912482279556598,-0.09063234292618808],[-0.004977991494773199,0.1912482279556598,0.266962321567495,-0.03934024431302372],[-0.041852557014129196,-0.09063234292618808,-0.03934024431302372,-0.19049781173822913]],[[-0.18040676249807536,0.023669440918161845,-0.010418176028921264,0.08517078060303532],[0.023669440918161845,-0.18007881244053509,-0.04986658044838131,-0.03145515401535898],[-0.010418176028921264,-0.04986658044838131,0.004237497167738018,-0.03643067604880917],[0.08517078060303532,-0.03145515401535898,-0.03643067604880917,0.06936581064009442]]],[[[-0.19880819040803582,0.04240040220302234,-0.011264568442117392,-0.02491405415923381],[0.04240040220302234,-0.08595878413771184,0.03622859953823412,-0.12683531918238866],[-0.011264568442117392,0.03622859953823412,0.08474994335476033,-0.06768113045175086],[-0.02491405415923381,-0.12683531918238866,-0.06768113045175086,0.19284458328568913]],[[0.12376473306632417,-0.08437754069381026,0.05622913756028096,-0.01681867465631515],[-0.08437754069381026,-0.08820721406158287,0.08008830347850242,0.009099482078375461],[0.05622913756028096,0.08008830347850242,0.1822123782127347,-0.0143317377578534],[-0.01681867465631515,0.009099482078375461,-0.0143317377578534,-0.09833318874731262]],[[-0.18040676249807536,0.023669440918161845,-0.010418176028921266,0.0851707806030353],[0.023669440918161845,-0.18007881244053509,-0.04986658044838131,-0.03145515401535898],[-0.010418176028921266,-0.04986658044838131,0.004237497167738018,-0.03643067604880917],[0.0851707806030353,-0.03145515401535898,-0.03643067604880917,0.06936581064009442]],[[-0.21596791834483542,0.05972664558898216,-0.029264572084245547,-0.014938853325543056],[0.05972664558898216,0.22013070194806159,0.03951142345831821,-0.16177530226109693],[-0.029264572084245547,0.03951142345831821,0.07909994713110964,-0.09735308926248143],[-0.014938853325543056,-0.16177530226109693,-0.09735308926248143,0.21392501978908807]]]],"observables":{"angular2_derivative_activity":0.29662480174166117,"angular3_derivative_activity":0.33755127542269436,"curvature_operator_rank":6,"curvature_rank_status":"NUMERIC_CLASSIFIED","depth_derivative_activity":0.22561476856733675,"determinant":-1.462284589434225,"expansion_0":0.25433333333333336,"expansion_1":0.23983333333333332,"expansion_rank":1,"identity_residual":2.220446049250313e-16,"inertia":"1,3,0","latent_rank_status":"NUMERIC_CLASSIFIED","latent_to_slot_rank":10,"mixed_curvature_max_abs":0.14155665208465312,"phi":-0.25,"phi_gradient_max_abs":0.11666666666666667,"phi_gradient_norm":0.006488801591812709,"phi_hessian_max_abs":0.08888888888888889,"phi_horizontal_support":0.1,"phi_vertical_support":0.11666666666666667,"ricci_max_abs":0.1583728327313519,"ricci_rank":4,"ricci_rank_status":"NUMERIC_CLASSIFIED","ricci_square":0.03651504826318523,"riemann_max_abs":0.14155665208465312,"riemann_square":0.15845520805965174,"sampled_tangent_rank":4,"sampled_tangent_status":"NUMERIC_CLASSIFIED","scalar_curvature":0.09900762808404723,"shear_max_abs":0.18051362575591334,"shear_rank":2,"time_derivative_activity":0.3520532612975431,"twist_max_abs":0.18233333333333335,"twist_rank":1,"weyl_max_abs":0.13299830465947596,"weyl_square":0.08869261500622379,"weyl_trace_residual":3.859759734048396e-17},"phi":{"first":[0.1,0.016666666666666666,-0.1,0.11666666666666667],"second":[[0.011111111111111112,-0.03333333333333333,0.075,0.025],[-0.03333333333333333,-0.05555555555555555,-0.025,-0.075],[0.075,-0.025,0.08888888888888889,0.03333333333333333],[0.025,-0.075,0.03333333333333333,0.022222222222222223]],"value":-0.25},"point_id":"P0","ricci":[[-0.06261494249702837,-0.03206408968318683,0.0788532041941758,0.011118571056575169],[-0.03206408968318686,-0.017878741173303347,0.030669091514932502,-0.02932919624078576],[0.07885320419417581,0.03066909151493249,0.1583728327313519,0.09294813934363255],[0.011118571056575155,-0.029329196240785768,0.09294813934363255,-0.10629849666455465]],"ricci_singular_values":[0.2109484141979043,0.1544013923670306,0.08881004083627897,0.003843671401870782],"riemann_down":[[[[0.0,-1.3010426069826053e-17,2.6020852139652106e-18,-2.949029909160572e-17],[1.3010426069826053e-17,0.0,-2.9815559743351372e-18,1.474514954580286e-17],[-2.6020852139652106e-18,2.9815559743351372e-18,0.0,-1.9949319973733282e-17],[2.949029909160572e-17,-1.474514954580286e-17,1.9949319973733282e-17,0.0]],[[0.0,-0.045425383320974906,0.009574377419246452,0.009951724675700782],[0.045425383320974906,0.0,0.010948124914545313,-0.03708982788003877],[-0.009574377419246452,-0.010948124914545313,0.0,0.00926677062920293],[-0.009951724675700782,0.03708982788003877,-0.00926677062920293,0.0]],[[0.0,0.009574377419246462,-0.06016573186126348,0.08323057393697249],[-0.009574377419246462,0.0,0.054491857737580106,-0.0008466128262190542],[0.06016573186126348,-0.054491857737580106,0.0,0.018554537900543032],[-0.08323057393697249,0.0008466128262190542,-0.018554537900543032,0.0]],[[0.0,0.00995172467570077,0.0832305739369725,0.02764108905382288],[-0.00995172467570077,0.0,-0.010113383455421985,-0.07542878488163501],[-0.0832305739369725,0.010113383455421985,0.0,0.08191961055802512],[-0.02764108905382288,0.07542878488163501,-0.08191961055802512,0.0]]],[[[0.0,0.04542538332097493,-0.009574377419246455,-0.009951724675700784],[-0.04542538332097493,0.0,-0.010948124914545316,0.037089827880038784],[0.009574377419246455,0.010948124914545316,0.0,-0.009266770629202956],[0.009951724675700784,-0.037089827880038784,0.009266770629202956,0.0]],[[0.0,1.0842021724855044e-18,-3.2255014631443757e-18,9.107298248878237e-18],[-1.0842021724855044e-18,0.0,-3.469446951953614e-18,-1.734723475976807e-18],[3.2255014631443757e-18,3.469446951953614e-18,0.0,-2.8189256484623115e-18],[-9.107298248878237e-18,1.734723475976807e-18,2.8189256484623115e-18,0.0]],[[0.0,0.010948124914545311,0.054491857737580134,-0.010113383455421975],[-0.010948124914545311,0.0,0.06560535501060484,0.14155665208465312],[-0.054491857737580134,-0.06560535501060484,0.0,0.033322245995998374],[0.010113383455421975,-0.14155665208465312,-0.033322245995998374,0.0]],[[0.0,-0.03708982788003878,-0.000846612826219017,-0.07542878488163503],[0.03708982788003878,0.0,0.1415566520846531,-0.13811487975480344],[0.000846612826219017,-0.1415566520846531,0.0,0.03244667114473908],[0.07542878488163503,0.13811487975480344,-0.03244667114473908,0.0]]],[[[0.0,-0.009574377419246476,0.06016573186126345,-0.08323057393697249],[0.009574377419246476,0.0,-0.05449185773758012,0.0008466128262190412],[-0.06016573186126345,0.05449185773758012,0.0,-0.018554537900543015],[0.08323057393697249,-0.0008466128262190412,0.018554537900543015,0.0]],[[0.0,-0.010948124914545308,-0.05449185773758011,0.010113383455421975],[0.010948124914545308,0.0,-0.06560535501060487,-0.14155665208465307],[0.05449185773758011,0.06560535501060487,0.0,-0.03332224599599835],[-0.010113383455421975,0.14155665208465307,0.03332224599599835,0.0]],[[0.0,3.7947076036992655e-18,4.9873299934333204e-18,0.0],[-3.7947076036992655e-18,0.0,1.3010426069826053e-18,3.0357660829594124e-17],[-4.9873299934333204e-18,-1.3010426069826053e-18,0.0,-1.5612511283791264e-17],[0.0,-3.0357660829594124e-17,1.5612511283791264e-17,0.0]],[[0.0,0.009266770629202932,0.01855453790054301,0.08191961055802512],[-0.009266770629202932,0.0,0.03332224599599839,0.032446671144739064],[-0.01855453790054301,-0.03332224599599839,0.0,0.04927390955391938],[-0.08191961055802512,-0.032446671144739064,-0.04927390955391938,0.0]]],[[[0.0,-0.009951724675700793,-0.08323057393697247,-0.02764108905382289],[0.009951724675700793,0.0,0.010113383455421981,0.07542878488163501],[0.08323057393697247,-0.010113383455421981,0.0,-0.0819196105580251],[0.02764108905382289,-0.07542878488163501,0.0819196105580251,0.0]],[[0.0,0.0370898278800388,0.0008466128262190247,0.07542878488163503],[-0.0370898278800388,0.0,-0.14155665208465307,0.13811487975480338],[-0.0008466128262190247,0.14155665208465307,0.0,-0.03244667114473907],[-0.07542878488163503,-0.13811487975480338,0.03244667114473907,0.0]],[[0.0,-0.009266770629202965,-0.01855453790054301,-0.08191961055802513],[0.009266770629202965,0.0,-0.03332224599599838,-0.032446671144739064],[0.01855453790054301,0.03332224599599838,0.0,-0.04927390955391941],[0.08191961055802513,0.032446671144739064,0.04927390955391941,0.0]],[[0.0,2.168404344971009e-18,-9.540979117872439e-18,-1.9081958235744878e-17],[-2.168404344971009e-18,0.0,0.0,-6.938893903907228e-18],[9.540979117872439e-18,0.0,0.0,4.336808689942018e-18],[1.9081958235744878e-17,6.938893903907228e-18,-4.336808689942018e-18,0.0]]]],"sampled_tangent":[[0.0,0.3520532612975431,-0.15646811613224137,0.07823405806612069,0.31293623226448275],[0.0,-0.01336054050132449,0.06210845854669762,-0.15743772050209398,-0.033942994787148704],[0.0,-0.18671742067676486,0.22561476856733675,-0.012435985442761418,-0.16182007278619293],[0.0,0.2118748583869008,-0.042374971677380156,-0.29662480174166117,0.254249830064281],[0.0,-0.06483106896581411,-0.1674332824595373,0.08700517371354183,-0.04773070005019357],[0.0,0.3037122448201728,0.10067806120504319,-0.1593561224100864,0.33755127542269436],[0.0,-0.016666666666666666,-0.1,0.11666666666666667,0.016666666666666666],[0.0,-0.13333333333333333,0.08333333333333333,-0.016666666666666666,-0.11666666666666667],[0.0,0.05,-0.05,-0.15,0.06666666666666667],[0.0,-0.08333333333333333,0.13333333333333333,0.03333333333333333,-0.06666666666666667]],"sampled_tangent_singular_values":[0.8447387841136527,0.46618120092126886,0.2619387311706893,0.056097295928563606,0.0],"slot_first":[[0.3520532612975431,-0.01336054050132449,-0.18671742067676486,0.2118748583869008,-0.06483106896581411,0.3037122448201728,-0.016666666666666666,-0.13333333333333333,0.05,-0.08333333333333333],[-0.15646811613224137,0.06210845854669762,0.22561476856733675,-0.042374971677380156,-0.1674332824595373,0.10067806120504319,-0.1,0.08333333333333333,-0.05,0.13333333333333333],[0.07823405806612069,-0.15743772050209398,-0.012435985442761418,-0.29662480174166117,0.08700517371354183,-0.1593561224100864,0.11666666666666667,-0.016666666666666666,-0.15,0.03333333333333333],[0.31293623226448275,-0.033942994787148704,-0.16182007278619293,0.254249830064281,-0.04773070005019357,0.33755127542269436,0.016666666666666666,-0.11666666666666667,0.06666666666666667,-0.06666666666666667]],"slot_second":[[[-0.23600607516613073,0.035104519254155746,0.20026267288506988,0.06356245751607023,-0.11144993184292246,0.17326799315708924,-0.05555555555555555,0.06666666666666667,-0.022222222222222223,0.1],[0.06649894935620258,0.06175939938044681,0.02606751256683497,-0.11299992447301377,0.04758976294374615,-0.011191547614510076,0.075,0.008333333333333333,-0.058333333333333334,0.03333333333333333],[0.09388086967934486,-0.012734641306667847,-0.07192549141397225,0.12006241975257714,0.016458322097360055,-0.19481775505277604,0.025,-0.041666666666666664,0.05,-0.016666666666666666],[-0.23079047129505606,0.01008660625235128,-0.10447405095033506,0.08474994335476033,-0.06768113045175086,0.19284458328568913,-0.025,0.06666666666666667,-0.008333333333333333,-0.06666666666666667]],[[0.06649894935620258,0.06175939938044681,0.02606751256683497,-0.11299992447301377,0.04758976294374616,-0.011191547614510076,0.075,0.008333333333333333,-0.058333333333333334,0.03333333333333333],[0.005215603871074714,0.11896899307665881,0.10681768763091892,-0.16808738765360798,0.07501299192271563,-0.0337661904580403,0.08888888888888889,-0.011111111111111112,-0.08888888888888889,0.03333333333333333],[-0.009127306774380749,0.04902475807377896,0.10235963251116617,-0.0748624499633716,0.08743424890428175,-0.058743256795266555,-0.075,0.016666666666666666,-0.05,0.041666666666666664],[0.1395174035512486,-0.059737263520786885,-0.07138869820735026,0.1822123782127347,-0.014331737757853399,-0.09833318874731262,0.03333333333333333,-0.03333333333333333,0.058333333333333334,-0.008333333333333333]],[[0.09388086967934486,-0.012734641306667849,-0.07192549141397225,0.12006241975257714,0.016458322097360055,-0.19481775505277604,0.025,-0.041666666666666664,0.05,-0.016666666666666666],[-0.009127306774380749,0.04902475807377896,0.10235963251116617,-0.0748624499633716,0.08743424890428177,-0.058743256795266555,-0.075,0.016666666666666666,-0.05,0.041666666666666664],[0.17733053161654028,-0.025685940026870684,-0.13529634944517271,0.266962321567495,-0.03934024431302372,-0.19049781173822913,0.022222222222222223,-0.06666666666666667,0.05555555555555555,-0.03333333333333333],[-0.17733053161654028,0.021713887445395836,-0.13585006065516073,0.004237497167738018,-0.03643067604880917,0.06936581064009442,-0.016666666666666666,0.075,0.008333333333333333,-0.058333333333333334]],[[-0.23079047129505606,0.01008660625235128,-0.10447405095033506,0.08474994335476033,-0.06768113045175086,0.19284458328568913,-0.025,0.06666666666666667,-0.008333333333333333,-0.06666666666666667],[0.1395174035512486,-0.05973726352078689,-0.07138869820735026,0.1822123782127347,-0.0143317377578534,-0.09833318874731262,0.03333333333333333,-0.03333333333333333,0.058333333333333334,-0.008333333333333333],[-0.17733053161654028,0.021713887445395836,-0.13585006065516073,0.004237497167738018,-0.03643067604880917,0.06936581064009442,-0.016666666666666666,0.075,0.008333333333333333,-0.058333333333333334],[-0.2399177780694368,0.02571001307281902,0.20324298836335258,0.07909994713110964,-0.09735308926248143,0.21392501978908807,-0.044444444444444446,0.07777777777777778,-0.011111111111111112,-0.1]]],"slot_values":[-1.1735108709918105,-0.15166018947449422,0.8673204367171576,1.2712491503214047,-0.10147471664214382,1.1132709180756477,0.11,-0.07,0.09,0.04],"weyl_down":[[[[0.0,-1.3010426069826053e-17,1.734723475976807e-18,-2.949029909160572e-17],[1.3010426069826053e-17,0.0,-2.9815559743351372e-18,1.496198998029996e-17],[-2.6020852139652106e-18,2.9815559743351372e-18,0.0,-1.9949319973733282e-17],[2.949029909160572e-17,-1.485356976305141e-17,1.9949319973733282e-17,0.0]],[[0.0,-0.0406764881806892,0.02097489051135189,-0.00606286597157536],[0.0406764881806892,0.0,0.04583506289913908,-0.03171469629512213],[-0.02097489051135189,-0.04583506289913908,0.0,0.009521344767137216],[0.006062865971575358,0.03171469629512213,-0.009521344767137216,0.0]],[[0.0,0.0209748905113519,0.057869555384188504,0.13299830465947593],[-0.0209748905113519,0.0,0.08947479232630683,0.0037731379111461787],[-0.057869555384188504,-0.08947479232630683,0.0,0.017361676773408996],[-0.13299830465947593,-0.003773137911146178,-0.017361676773408996,0.0]],[[0.0,-0.006062865971575372,0.13299830465947596,-0.020953793389557517],[0.006062865971575374,0.0,-0.00574820685599104,-0.06618119092091429],[-0.13299830465947596,0.00574820685599104,0.0,0.04368252501709879],[0.020953793389557517,0.06618119092091429,-0.04368252501709879,0.0]]],[[[0.0,0.040676488180689224,-0.020974890511351898,0.006062865971575358],[-0.040676488180689224,0.0,-0.045835062899139085,0.03171469629512214],[0.020974890511351898,0.045835062899139085,0.0,-0.009521344767137242],[-0.006062865971575358,-0.03171469629512214,0.009521344767137242,0.0]],[[0.0,1.0842021724855044e-18,-3.2255014631443757e-18,9.107298248878237e-18],[-2.168404344971009e-19,0.0,-3.903127820947816e-18,-1.951563910473908e-18],[3.2255014631443757e-18,3.469446951953614e-18,0.0,-3.0357660829594124e-18],[-9.107298248878237e-18,1.734723475976807e-18,3.0357660829594124e-18,0.0]],[[0.0,0.045835062899139085,0.08947479232630687,-0.00574820685599103],[-0.045835062899139085,0.0,0.02900644959472482,0.09720301613219237],[-0.08947479232630687,-0.02900644959472482,0.0,0.012983096357259345],[0.005748206855991029,-0.09720301613219237,-0.012983096357259345,0.0]],[[0.0,-0.03171469629512214,0.0037731379111462134,-0.06618119092091429],[0.03171469629512214,0.0,0.09720301613219234,-0.06637978735751819],[-0.0037731379111462134,-0.09720301613219234,0.0,0.026460057625523274],[0.06618119092091429,0.06637978735751819,-0.026460057625523274,0.0]]],[[[0.0,-0.020974890511351915,-0.05786955538418853,-0.13299830465947593],[0.020974890511351915,0.0,-0.08947479232630684,-0.0037731379111461917],[0.05786955538418853,0.08947479232630684,0.0,-0.01736167677340898],[0.13299830465947593,0.0037731379111461917,0.01736167677340898,0.0]],[[0.0,-0.04583506289913908,-0.08947479232630684,0.00574820685599103],[0.04583506289913908,0.0,-0.029006449594724842,-0.09720301613219232],[0.08947479232630684,0.029006449594724842,0.0,-0.012983096357259317],[-0.00574820685599103,0.09720301613219232,0.012983096357259317,0.0]],[[0.0,3.7947076036992655e-18,4.9873299934333204e-18,-8.673617379884035e-19],[-3.7947076036992655e-18,0.0,1.3010426069826053e-18,3.0791341698588326e-17],[-3.2526065174565133e-18,-1.3010426069826053e-18,0.0,-8.673617379884035e-18],[8.673617379884035e-19,-3.0357660829594124e-17,8.673617379884035e-18,0.0]],[[0.0,0.009521344767137218,0.01736167677340897,0.04368252501709879],[-0.009521344767137218,0.0,0.012983096357259352,0.02646005762552327],[-0.01736167677340897,-0.012983096357259352,0.0,0.0424354472083852],[-0.04368252501709879,-0.02646005762552327,-0.0424354472083852,0.0]]],[[[0.0,0.006062865971575351,-0.13299830465947593,0.020953793389557506],[-0.006062865971575353,0.0,0.005748206855991036,0.06618119092091429],[0.13299830465947593,-0.005748206855991036,0.0,-0.04368252501709878],[-0.020953793389557506,-0.06618119092091429,0.043682525017098774,0.0]],[[0.0,0.03171469629512216,-0.0037731379111462056,0.06618119092091429],[-0.03171469629512216,0.0,-0.09720301613219232,0.06637978735751814],[0.0037731379111462056,0.09720301613219232,0.0,-0.026460057625523267],[-0.06618119092091429,-0.06637978735751812,0.026460057625523267,0.0]],[[0.0,-0.00952134476713725,-0.01736167677340897,-0.0436825250170988],[0.00952134476713725,0.0,-0.012983096357259345,-0.026460057625523267],[0.01736167677340897,0.012983096357259345,0.0,-0.04243544720838523],[0.0436825250170988,0.02646005762552327,0.04243544720838523,0.0]],[[0.0,2.1412992906588713e-18,-9.432558900623889e-18,-1.9081958235744878e-17],[-2.168404344971009e-18,0.0,0.0,-6.938893903907228e-18],[9.540979117872439e-18,0.0,0.0,4.336808689942018e-18],[1.9081958235744878e-17,6.7220534694101275e-18,-8.673617379884035e-19,0.0]]]]}
